0000 Zero
0001 NOR
0010 A * Not B
0011 Not A
0100 Not A * B
0101 Not B
0110 XOR
0111 NAND
1000 AND
1001 XNOR
1010 B
1011 Not B + A
1100 A
1101 B + Not A
1110 OR
1111 One and FSwap bit


A | B | L(3-0) | Z              
Zero
0 | 0 | 0000   | 0
0 | 1 | 0000   | 0 
1 | 0 | 0000   | 0 
1 | 1 | 0000   | 0  
NOR
0 | 0 | 0001   | 1 
0 | 1 | 0001   | 0 
1 | 0 | 0001   | 0 
1 | 1 | 0001   | 0 
A * Not B
0 | 0 | 0010   | 0 
0 | 1 | 0010   | 1 
1 | 0 | 0010   | 0 
1 | 1 | 0010   | 0 
Not A
0 | 0 | 0011   | 1 
0 | 1 | 0011   | 1 
1 | 0 | 0011   | 0 
1 | 1 | 0011   | 0 
Not A * B
0 | 0 | 0100   | 0 
0 | 1 | 0100   | 0 
1 | 0 | 0100   | 1 
1 | 1 | 0100   | 0 
Not B
0 | 0 | 0101   | 1 
0 | 1 | 0101   | 0 
1 | 0 | 0101   | 1 
1 | 1 | 0101   | 0 
XOR
0 | 0 | 0110   | 0 
0 | 1 | 0110   | 1 
1 | 0 | 0110   | 1 
1 | 1 | 0110   | 0 
NAND
0 | 0 | 0111   | 1 
0 | 1 | 0111   | 1 
1 | 0 | 0111   | 1 
1 | 1 | 0111   | 0 
AND
0 | 0 | 1000   | 0 
0 | 1 | 1000   | 0 
1 | 0 | 1000   | 0 
1 | 1 | 1000   | 1 
XNOR
0 | 0 | 1001   | 1 
0 | 1 | 1001   | 0 
1 | 0 | 1001   | 0 
1 | 1 | 1001   | 1 
B
0 | 0 | 1010   | 0 
0 | 1 | 1010   | 1 
1 | 0 | 1010   | 0 
1 | 1 | 1010   | 1 
Not B + A
0 | 0 | 1011   | 1 
0 | 1 | 1011   | 1 
1 | 0 | 1011   | 0 
1 | 1 | 1011   | 1 
A
0 | 0 | 1100   | 0 
0 | 1 | 1100   | 0 
1 | 0 | 1100   | 1 
1 | 1 | 1100   | 1 
B + Not A
0 | 0 | 1101   | 1 
0 | 1 | 1101   | 0 
1 | 0 | 1101   | 1 
1 | 1 | 1101   | 1 
OR
0 | 0 | 1110   | 0 
0 | 1 | 1110   | 1 
1 | 0 | 1110   | 1 
1 | 1 | 1110   | 1 
One
0 | 0 | 1111   | 1 
0 | 1 | 1111   | 1 
1 | 0 | 1111   | 1 
1 | 1 | 1111   | 1 

